[GEOCONV]
 energy
-0.22793186187283558E+03
-0.22793235182561958E+03
-0.22793459460753832E+03
-0.22794079092683972E+03
-0.22794911988624889E+03
-0.22795808052847715E+03
-0.22796340945260323E+03
-0.22796415400155760E+03
-0.22796431249044181E+03
-0.22796424372859579E+03
 max-force
   0.0000418
   0.0052701
   0.0124971
   0.0234222
   0.0292632
   0.0248874
   0.0053905
   0.0013877
   0.0002799
   0.0003097
 rms-force
   0.0000109
   0.0013378
   0.0028653
   0.0049274
   0.0060424
   0.0051776
   0.0012712
   0.0003075
   0.0000734
   0.0000776
 [GEOMETRIES] (XYZ)
   8
  -227.93186187283558
 C     -3.6001328      2.2384752     -0.0259120
 C     -2.1042571      2.3055018      0.0296210
 O     -3.9369553      3.5528737     -0.5133496
 H     -4.0393007      2.0807197      0.9508879
 H     -3.9879152      1.5157557     -0.7344215
 O     -1.8921971      3.6473139      0.5147384
 H     -1.6502024      2.1794186     -0.9464604
 H     -1.6543793      1.6258514      0.7442261
   8
  -227.93235182561958
 C     -3.6038666      2.2249846     -0.0284323
 C     -2.1038187      2.2876442      0.0354840
 O     -3.8979207      3.5653782     -0.4931353
 H     -4.0479489      2.0664986      0.9456501
 H     -3.9999455      1.5204194     -0.7491595
 O     -1.9310483      3.6550699      0.4910759
 H     -1.6452585      2.1576695     -0.9375950
 H     -1.6487099      1.6285086      0.7640002
   8
  -227.93459460753832
 C     -3.5941766      2.2138292     -0.0290662
 C     -2.1122644      2.2781953      0.0362640
 O     -3.8487356      3.5763080     -0.4663140
 H     -4.0510125      2.0498165      0.9382701
 H     -4.0073259      1.5312999     -0.7618896
 O     -1.9809898      3.6604069      0.4640406
 H     -1.6415997      2.1382221     -0.9295622
 H     -1.6447346      1.6409220      0.7777356
   8
  -227.94079092683972
 C     -3.6000702      2.1986634     -0.0318154
 C     -2.1056151      2.2611858      0.0392519
 O     -3.7936822      3.5902996     -0.4361874
 H     -4.0534083      2.0355850      0.9361315
 H     -4.0211588      1.5417411     -0.7798275
 O     -2.0369017      3.6707069      0.4339175
 H     -1.6367925      2.1289786     -0.9277027
 H     -1.6286867      1.6515368      0.7930546
   8
  -227.94911988624889
 C     -3.5933688      2.1871115     -0.0334540
 C     -2.1112035      2.2510656      0.0409353
 O     -3.7344951      3.6013361     -0.4031178
 H     -4.0648276      2.0181479      0.9258035
 H     -4.0364337      1.5599749     -0.7968314
 O     -2.0965998      3.6760500      0.4008264
 H     -1.6258235      2.1091834     -0.9170670
 H     -1.6181047      1.6686244      0.8095574
   8
  -227.95808052847715
 C     -3.5954616      2.1780932     -0.0374800
 C     -2.1083589      2.2421270      0.0452210
 O     -3.6746400      3.6107379     -0.3676632
 H     -4.0703893      2.0014345      0.9172874
 H     -4.0402087      1.5809217     -0.8194272
 O     -2.1571847      3.6792260      0.3651264
 H     -1.6169857      2.0955817     -0.9080321
 H     -1.6149743      1.6921843      0.8324378
   8
  -227.96340945260323
 C     -3.5956051      2.1712321     -0.0491678
 C     -2.1072957      2.2360492      0.0571108
 O     -3.6243768      3.6180474     -0.3246287
 H     -4.0957628      1.9701573      0.8885884
 H     -4.0374167      1.6144238     -0.8626027
 O     -2.2080545      3.6814376      0.3219842
 H     -1.5901950      2.0646166     -0.8790484
 H     -1.6205086      1.7238776      0.8746329
   8
  -227.96415400155760
 C     -3.5949864      2.1668112     -0.0738571
 C     -2.1072672      2.2319327      0.0819086
 O     -3.6276387      3.6231222     -0.2851489
 H     -4.1318467      1.9133325      0.8300068
 H     -3.9969385      1.6452977     -0.9299119
 O     -2.2054234      3.6860894      0.2823916
 H     -1.5491437      2.0110704     -0.8195927
 H     -1.6636463      1.7506626      0.9415663
   8
  -227.96431249044181
 C     -3.5916631      2.1631077     -0.1042165
 C     -2.1103675      2.2279189      0.1124302
 O     -3.6431249      3.6272479     -0.2441249
 H     -4.1690675      1.8494857      0.7541516
 H     -3.9418777      1.6810186     -1.0053182
 O     -2.1903288      3.6912007      0.2412422
 H     -1.5068264      1.9531288     -0.7432453
 H     -1.7202459      1.7820192      1.0165385
   8
  -227.96424372859579
 C     -3.5871665      2.1611680     -0.1348093
 C     -2.1144065      2.2253315      0.1430456
 O     -3.6564841      3.6292111     -0.1998338
 H     -4.2031117      1.7928947      0.6731672
 H     -3.8856498      1.7263582     -1.0778340
 O     -2.1773362      3.6941623      0.1968870
 H     -1.4681266      1.9005707     -0.6615839
 H     -1.7807574      1.8215715      1.0891255
 [FORCES]
point    1
   8
