RASSCF root number  1
-227.93792630
-227.93798784
-227.93775865
-227.93776471
-227.93573952
-227.93988437
-227.93323564
-227.92888158
-227.92683299
-227.92624075
-227.92643117
-227.92759719
-227.92930831
-227.93076516
-227.93171420
-227.93228670
-227.93244059
-227.93219726
RASSCF root number  2
-227.78168792
-227.78060263
-227.77821138
-227.78728904
-227.83078995
-227.86856521
-227.88796986
-227.90085490
-227.90946325
-227.91470608
-227.91856012
-227.92187248
-227.92412601
-227.92600433
-227.92707099
-227.92769235
-227.92774542
-227.92722552
RASSCF root number  3
-227.68109369
-227.68211926
-227.68303656
-227.70244566
-227.77496445
-227.83637094
-227.86762038
-227.88595469
-227.89660746
-227.90247178
-227.90649837
-227.90983145
-227.91178803
-227.91404813
-227.91549513
-227.91621516
-227.91623596
-227.91562238
RASSCF root number  4
-227.63775675
-227.63544693
-227.63125376
-227.63663343
-227.72635239
-227.80062484
-227.84251075
-227.86833929
-227.88406721
-227.89305191
-227.89951985
-227.90527493
-227.90874536
-227.91102680
-227.91202754
-227.91273738
-227.91287876
-227.91230903
RASSCF root number  5
-227.62299456
-227.62116754
-227.61734798
-227.62374298
-227.60208546
-227.70959849
-227.73012751
-227.74192371
-227.75019236
-227.75415728
-227.75682238
-227.75958547
-227.76075608
-227.76231150
-227.76358886
-227.76443065
-227.76467245
-227.76432438
